    -0.837034    -0.062897
    -0.828663    -0.063070
    -0.820293    -0.061765
    -0.811923    -0.058976
    -0.803552    -0.054706
    -0.795182    -0.048957
    -0.786812    -0.041733
    -0.778441    -0.033039
    -0.770071    -0.022881
    -0.761701    -0.011266
    -0.753330     0.001797
    -0.744960     0.016299
    -0.736590     0.032230
    -0.728219     0.049576
    -0.719849     0.068324
    -0.711479     0.088461
    -0.703108     0.109971
    -0.694738     0.132838
    -0.686368     0.157044
    -0.677997     0.182573
    -0.669627     0.209404
    -0.661257     0.237518
    -0.652886     0.266897
    -0.644516     0.297517
    -0.636146     0.329359
    -0.627775     0.362400
    -0.619405     0.396616
    -0.611035     0.431984
    -0.602664     0.468477
    -0.594294     0.506069
    -0.585924     0.544731
    -0.577553     0.584431
    -0.569183     0.625136
    -0.560813     0.666807
    -0.552442     0.709404
    -0.544072     0.752878
    -0.535702     0.797178
    -0.527331     0.842243
    -0.518961     0.888002
    -0.510591     0.934373
    -0.502220     0.981261
    -0.493850     1.028552
    -0.485480     1.076109
    -0.477109     1.123767
    -0.468739     1.171326
    -0.460369     1.218539
    -0.451998     1.265107
    -0.443628     1.310661
    -0.435257     1.354760
    -0.426887     1.396885
    -0.418517     1.436452
    -0.410146     1.472851
    -0.401776     1.505513
    -0.393406     1.533998
    -0.385035     1.558078
    -0.376665     1.577784
    -0.368295     1.593375
    -0.359924     1.605278
    -0.351554     1.613994
    -0.343184     1.620027
    -0.334813     1.623842
    -0.326443     1.625840
    -0.318073     1.626360
    -0.309702     1.625679
    -0.301332     1.624023
    -0.292962     1.621578
    -0.284591     1.618496
    -0.276221     1.614900
    -0.267851     1.610895
    -0.259480     1.606566
    -0.251110     1.601987
    -0.242740     1.597220
    -0.234369     1.592320
    -0.225999     1.587333
    -0.217629     1.582300
    -0.209258     1.577258
    -0.200888     1.572240
    -0.192518     1.567276
    -0.184147     1.562392
    -0.175777     1.557614
    -0.167407     1.552962
    -0.159036     1.548460
    -0.150666     1.544126
    -0.142296     1.539977
    -0.133925     1.536032
    -0.125555     1.532305
    -0.117185     1.528812
    -0.108814     1.525565
    -0.100444     1.522579
    -0.092074     1.519864
    -0.083703     1.517431
    -0.075333     1.515291
    -0.066963     1.513452
    -0.058592     1.511922
    -0.050222     1.510709
    -0.041852     1.509819
    -0.033481     1.509257
    -0.025111     1.509027
    -0.016741     1.509134
    -0.008370     1.509580
     0.000000     1.510362
     0.009665     1.509509
     0.019330     1.509094
     0.028996     1.509121
     0.038661     1.509585
     0.048326     1.510482
     0.057991     1.511802
     0.067657     1.513540
     0.077322     1.515684
     0.086987     1.518224
     0.096652     1.521148
     0.106318     1.524442
     0.115983     1.528090
     0.125648     1.532076
     0.135313     1.536380
     0.144978     1.540981
     0.154644     1.545856
     0.164309     1.550980
     0.173974     1.556324
     0.183639     1.561858
     0.193305     1.567549
     0.202970     1.573359
     0.212635     1.579250
     0.222300     1.585178
     0.231966     1.591095
     0.241631     1.596951
     0.251296     1.602690
     0.260961     1.608253
     0.270626     1.613573
     0.280292     1.618582
     0.289957     1.623203
     0.299622     1.627355
     0.309287     1.630950
     0.318953     1.633893
     0.328618     1.636084
     0.338283     1.637412
     0.347948     1.637762
     0.357614     1.637007
     0.367279     1.635012
     0.376944     1.631634
     0.386609     1.626719
     0.396275     1.620101
     0.405940     1.611606
     0.415605     1.601049
     0.425270     1.588237
     0.434935     1.572967
     0.444601     1.555031
     0.454266     1.534190
     0.463931     1.510060
     0.473596     1.481426
     0.483262     1.444683
     0.492927     1.401289
     0.502592     1.356244
     0.512257     1.311130
     0.521923     1.266459
     0.531588     1.222483
     0.541253     1.179360
     0.550918     1.137201
     0.560583     1.096089
     0.570249     1.056087
     0.579914     1.017249
     0.589579     0.979616
     0.599244     0.943227
     0.608910     0.908112
     0.618575     0.874298
     0.628240     0.841809
     0.637905     0.810665
     0.647571     0.780885
     0.657236     0.752480
     0.666901     0.725460
     0.676566     0.699826
     0.686231     0.675567
     0.695897     0.652655
     0.705562     0.631026
     0.715227     0.610546
     0.724892     0.590943
     0.734558     0.571695
     0.744223     0.552065
     0.753888     0.531623
     0.763553     0.510652
     0.773219     0.489682
     0.782884     0.469101
     0.792549     0.449145
     0.802214     0.429965
     0.811879     0.411667
     0.821545     0.394333
     0.831210     0.378028
     0.840875     0.362806
     0.850540     0.348711
     0.860206     0.335779
     0.869871     0.324038
     0.879536     0.313508
     0.889201     0.304200
     0.898867     0.296116
     0.908532     0.289250
     0.918197     0.283584
     0.927862     0.279086
     0.937527     0.275711
     0.947193     0.273393
     0.956858     0.272046
     0.966523     0.271559


    -0.837034    -0.062876
    -0.828663    -0.061218
    -0.820293    -0.058069
    -0.811923    -0.053436
    -0.803552    -0.047321
    -0.795182    -0.039727
    -0.786812    -0.030656
    -0.778441    -0.020111
    -0.770071    -0.008097
    -0.761701     0.005381
    -0.753330     0.020317
    -0.744960     0.036705
    -0.736590     0.054536
    -0.728219     0.073802
    -0.719849     0.094493
    -0.711479     0.116597
    -0.703108     0.140103
    -0.694738     0.164998
    -0.686368     0.191266
    -0.677997     0.218894
    -0.669627     0.247864
    -0.661257     0.278160
    -0.652886     0.309764
    -0.644516     0.342659
    -0.636146     0.376826
    -0.627775     0.412247
    -0.619405     0.448902
    -0.611035     0.486772
    -0.602664     0.525839
    -0.594294     0.566083
    -0.585924     0.607484
    -0.577553     0.650022
    -0.569183     0.693678
    -0.560813     0.738429
    -0.552442     0.784253
    -0.544072     0.831129
    -0.535702     0.879031
    -0.527331     0.927932
    -0.518961     0.977804
    -0.510591     1.028613
    -0.502220     1.080323
    -0.493850     1.132892
    -0.485480     1.186267
    -0.477109     1.240387
    -0.468739     1.295172
    -0.460369     1.350519
    -0.451998     1.406283
    -0.443628     1.462252
    -0.435257     1.518097
    -0.426887     1.573271
    -0.418517     1.626808
    -0.410146     1.676933
    -0.401776     1.720521
    -0.393406     1.753339
    -0.385035     1.773006
    -0.376665     1.781642
    -0.368295     1.783246
    -0.359924     1.780793
    -0.351554     1.775975
    -0.343184     1.769709
    -0.334813     1.762513
    -0.326443     1.754694
    -0.318073     1.746448
    -0.309702     1.737907
    -0.301332     1.729163
    -0.292962     1.720287
    -0.284591     1.711333
    -0.276221     1.702345
    -0.267851     1.693360
    -0.259480     1.684409
    -0.251110     1.675520
    -0.242740     1.666718
    -0.234369     1.658024
    -0.225999     1.649459
    -0.217629     1.641040
    -0.209258     1.632785
    -0.200888     1.624708
    -0.192518     1.616825
    -0.184147     1.609148
    -0.175777     1.601689
    -0.167407     1.594460
    -0.159036     1.587471
    -0.150666     1.580732
    -0.142296     1.574253
    -0.133925     1.568042
    -0.125555     1.562108
    -0.117185     1.556457
    -0.108814     1.551098
    -0.100444     1.546036
    -0.092074     1.541279
    -0.083703     1.536832
    -0.075333     1.532700
    -0.066963     1.528889
    -0.058592     1.525404
    -0.050222     1.522247
    -0.041852     1.519423
    -0.033481     1.516935
    -0.025111     1.514786
    -0.016741     1.512976
    -0.008370     1.511508
     0.000000     1.510385
     0.009665     1.511684
     0.019330     1.513441
     0.028996     1.515648
     0.038661     1.518306
     0.048326     1.521412
     0.057991     1.524964
     0.067657     1.528958
     0.077322     1.533389
     0.086987     1.538251
     0.096652     1.543537
     0.106318     1.549238
     0.115983     1.555343
     0.125648     1.561841
     0.135313     1.568717
     0.144978     1.575958
     0.154644     1.583546
     0.164309     1.591461
     0.173974     1.599683
     0.183639     1.608188
     0.193305     1.616949
     0.202970     1.625939
     0.212635     1.635123
     0.222300     1.644468
     0.231966     1.653933
     0.241631     1.663475
     0.251296     1.673044
     0.260961     1.682586
     0.270626     1.692039
     0.280292     1.701332
     0.289957     1.710387
     0.299622     1.719110
     0.309287     1.727397
     0.318953     1.735121
     0.328618     1.742131
     0.338283     1.748244
     0.347948     1.753231
     0.357614     1.756800
     0.367279     1.758573
     0.376944     1.758046
     0.386609     1.754557
     0.396275     1.747248
     0.405940     1.735097
     0.415605     1.717098
     0.425270     1.692624
     0.434935     1.661817
     0.444601     1.625642
     0.454266     1.585546
     0.463931     1.543157
     0.473596     1.500769
     0.483262     1.462883
     0.492927     1.428821
     0.502592     1.394302
     0.512257     1.358426
     0.521923     1.321320
     0.531588     1.283309
     0.541253     1.244741
     0.550918     1.205930
     0.560583     1.167147
     0.570249     1.128611
     0.579914     1.090501
     0.589579     1.052958
     0.599244     1.016092
     0.608910     0.979989
     0.618575     0.944715
     0.628240     0.910319
     0.637905     0.876832
     0.647571     0.844277
     0.657236     0.812663
     0.666901     0.781994
     0.676566     0.752267
     0.686231     0.723483
     0.695897     0.695656
     0.705562     0.668829
     0.715227     0.643115
     0.724892     0.618769
     0.734558     0.596299
     0.744223     0.576440
     0.753888     0.559624
     0.763553     0.545578
     0.773219     0.533783
     0.782884     0.523865
     0.792549     0.515589
     0.802214     0.508796
     0.811879     0.503346
     0.821545     0.499093
     0.831210     0.495861
     0.840875     0.493430
     0.850540     0.491528
     0.860206     0.489840
     0.869871     0.488054
     0.879536     0.485942
     0.889201     0.483440
     0.898867     0.480662
     0.908532     0.477835
     0.918197     0.475208
     0.927862     0.472981
     0.937527     0.471283
     0.947193     0.470158
     0.956858     0.469567
     0.966523     0.469379


    -0.837034     2.145759
    -0.828663     2.143040
    -0.820293     2.139838
    -0.811923     2.136190
    -0.803552     2.132132
    -0.795182     2.127701
    -0.786812     2.122935
    -0.778441     2.117872
    -0.770071     2.112548
    -0.761701     2.107000
    -0.753330     2.101261
    -0.744960     2.095364
    -0.736590     2.089337
    -0.728219     2.083210
    -0.719849     2.077007
    -0.711479     2.070752
    -0.703108     2.064467
    -0.694738     2.058171
    -0.686368     2.051884
    -0.677997     2.045621
    -0.669627     2.039401
    -0.661257     2.033236
    -0.652886     2.027143
    -0.644516     2.021133
    -0.636146     2.015221
    -0.627775     2.009419
    -0.619405     2.003740
    -0.611035     1.998195
    -0.602664     1.992797
    -0.594294     1.987559
    -0.585924     1.982493
    -0.577553     1.977614
    -0.569183     1.972935
    -0.560813     1.968474
    -0.552442     1.964248
    -0.544072     1.960281
    -0.535702     1.956599
    -0.527331     1.953233
    -0.518961     1.950222
    -0.510591     1.947617
    -0.502220     1.945480
    -0.493850     1.943888
    -0.485480     1.942944
    -0.477109     1.942774
    -0.468739     1.938795
    -0.460369     1.932166
    -0.451998     1.925837
    -0.443628     1.919988
    -0.435257     1.914916
    -0.426887     1.911139
    -0.418517     1.909590
    -0.410146     1.912013
    -0.401776     1.921503
    -0.393406     1.942263
    -0.385035     1.976642
    -0.376665     2.022490
    -0.368295     2.075774
    -0.359924     2.133484
    -0.351554     2.193893
    -0.343184     2.256039
    -0.334813     2.319357
    -0.326443     2.383486
    -0.318073     2.448162
    -0.309702     2.513174
    -0.301332     2.578331
    -0.292962     2.643439
    -0.284591     2.708285
    -0.276221     2.772613
    -0.267851     2.836122
    -0.259480     2.898489
    -0.251110     2.959145
    -0.242740     3.017458
    -0.234369     3.072615
    -0.225999     3.123656
    -0.217629     3.169612
    -0.209258     3.209770
    -0.200888     3.243958
    -0.192518     3.272620
    -0.184147     3.296608
    -0.175777     3.316877
    -0.167407     3.334267
    -0.159036     3.349439
    -0.150666     3.362877
    -0.142296     3.374928
    -0.133925     3.385836
    -0.125555     3.395774
    -0.117185     3.404863
    -0.108814     3.413191
    -0.100444     3.420818
    -0.092074     3.427788
    -0.083703     3.434132
    -0.075333     3.439871
    -0.066963     3.445018
    -0.058592     3.449582
    -0.050222     3.453569
    -0.041852     3.456981
    -0.033481     3.459818
    -0.025111     3.462079
    -0.016741     3.463763
    -0.008370     3.464869
     0.000000     3.465391
     0.009665     3.464782
     0.019330     3.463402
     0.028996     3.461256
     0.038661     3.458342
     0.048326     3.454659
     0.057991     3.450203
     0.067657     3.444969
     0.077322     3.438951
     0.086987     3.432142
     0.096652     3.424535
     0.106318     3.416120
     0.115983     3.406884
     0.125648     3.396813
     0.135313     3.385884
     0.144978     3.374067
     0.154644     3.361315
     0.164309     3.347560
     0.173974     3.332692
     0.183639     3.316534
     0.193305     3.298736
     0.202970     3.278008
     0.212635     3.246108
     0.222300     3.200283
     0.231966     3.145300
     0.241631     3.084614
     0.251296     3.020707
     0.260961     2.955068
     0.270626     2.888567
     0.280292     2.821741
     0.289957     2.754946
     0.299622     2.688442
     0.309287     2.622439
     0.318953     2.557118
     0.328618     2.492659
     0.338283     2.429248
     0.347948     2.367098
     0.357614     2.306468
     0.367279     2.247690
     0.376944     2.191200
     0.386609     2.137580
     0.396275     2.087579
     0.405940     2.042065
     0.415605     2.001789
     0.425270     1.966754
     0.434935     1.934158
     0.444601     1.893785
     0.454266     1.846433
     0.463931     1.798945
     0.473596     1.752808
     0.483262     1.708282
     0.492927     1.665317
     0.502592     1.623717
     0.512257     1.583208
     0.521923     1.543501
     0.531588     1.504326
     0.541253     1.465471
     0.550918     1.426787
     0.560583     1.388193
     0.570249     1.349664
     0.579914     1.311222
     0.589579     1.272926
     0.599244     1.234859
     0.608910     1.197120
     0.618575     1.159823
     0.628240     1.123088
     0.637905     1.087038
     0.647571     1.051801
     0.657236     1.017506
     0.666901     0.984280
     0.676566     0.952252
     0.686231     0.921547
     0.695897     0.892285
     0.705562     0.864579
     0.715227     0.838532
     0.724892     0.814232
     0.734558     0.791748
     0.744223     0.771130
     0.753888     0.752401
     0.763553     0.735556
     0.773219     0.720538
     0.782884     0.707177
     0.792549     0.694863
     0.802214     0.681198
     0.811879     0.664140
     0.821545     0.646770
     0.831210     0.630809
     0.840875     0.616820
     0.850540     0.605160
     0.860206     0.596151
     0.869871     0.590080
     0.879536     0.587123
     0.889201     0.587266
     0.898867     0.590279
     0.908532     0.595768
     0.918197     0.603232
     0.927862     0.612079
     0.937527     0.621548
     0.947193     0.630538
     0.956858     0.637352
     0.966523     0.639739


    -0.837034     2.145765
    -0.828663     2.147979
    -0.820293     2.149669
    -0.811923     2.150813
    -0.803552     2.151399
    -0.795182     2.151424
    -0.786812     2.150893
    -0.778441     2.149816
    -0.770071     2.148212
    -0.761701     2.146102
    -0.753330     2.143514
    -0.744960     2.140480
    -0.736590     2.137031
    -0.728219     2.133201
    -0.719849     2.129024
    -0.711479     2.124533
    -0.703108     2.119758
    -0.694738     2.114731
    -0.686368     2.109477
    -0.677997     2.104022
    -0.669627     2.098387
    -0.661257     2.092594
    -0.652886     2.086659
    -0.644516     2.080597
    -0.636146     2.074424
    -0.627775     2.068149
    -0.619405     2.061784
    -0.611035     2.055336
    -0.602664     2.048814
    -0.594294     2.042224
    -0.585924     2.035571
    -0.577553     2.028860
    -0.569183     2.022096
    -0.560813     2.015282
    -0.552442     2.008422
    -0.544072     2.001520
    -0.535702     1.994579
    -0.527331     1.987605
    -0.518961     1.980603
    -0.510591     1.973582
    -0.502220     1.966552
    -0.493850     1.959530
    -0.485480     1.952539
    -0.477109     1.945611
    -0.468739     1.943545
    -0.460369     1.945462
    -0.451998     1.948792
    -0.443628     1.953868
    -0.435257     1.961097
    -0.426887     1.970967
    -0.418517     1.984031
    -0.410146     2.000872
    -0.401776     2.022033
    -0.393406     2.047929
    -0.385035     2.078764
    -0.376665     2.114490
    -0.368295     2.154822
    -0.359924     2.199316
    -0.351554     2.247448
    -0.343184     2.298692
    -0.334813     2.352559
    -0.326443     2.408617
    -0.318073     2.466496
    -0.309702     2.525877
    -0.301332     2.586486
    -0.292962     2.648078
    -0.284591     2.710426
    -0.276221     2.773319
    -0.267851     2.836521
    -0.259480     2.899708
    -0.251110     2.962622
    -0.242740     3.024797
    -0.234369     3.085545
    -0.225999     3.143747
    -0.217629     3.197540
    -0.209258     3.244184
    -0.200888     3.281166
    -0.192518     3.308519
    -0.184147     3.328782
    -0.175777     3.344637
    -0.167407     3.357829
    -0.159036     3.369335
    -0.150666     3.379686
    -0.142296     3.389177
    -0.133925     3.397974
    -0.125555     3.406172
    -0.117185     3.413823
    -0.108814     3.420955
    -0.100444     3.427578
    -0.092074     3.433696
    -0.083703     3.439303
    -0.075333     3.444392
    -0.066963     3.448953
    -0.058592     3.452978
    -0.050222     3.456455
    -0.041852     3.459377
    -0.033481     3.461735
    -0.025111     3.463522
    -0.016741     3.464736
    -0.008370     3.465371
     0.000000     3.465429
     0.009665     3.465274
     0.019330     3.464364
     0.028996     3.462696
     0.038661     3.460277
     0.048326     3.457113
     0.057991     3.453214
     0.067657     3.448590
     0.077322     3.443253
     0.086987     3.437213
     0.096652     3.430480
     0.106318     3.423055
     0.115983     3.414934
     0.125648     3.406098
     0.135313     3.396504
     0.144978     3.386077
     0.154644     3.374679
     0.164309     3.362068
     0.173974     3.347818
     0.183639     3.331173
     0.193305     3.310833
     0.202970     3.285349
     0.212635     3.259399
     0.222300     3.233216
     0.231966     3.201889
     0.241631     3.162702
     0.251296     3.114606
     0.260961     3.059253
     0.270626     2.999274
     0.280292     2.936658
     0.289957     2.872608
     0.299622     2.807834
     0.309287     2.742780
     0.318953     2.677742
     0.328618     2.612937
     0.338283     2.548536
     0.347948     2.484679
     0.357614     2.421494
     0.367279     2.359099
     0.376944     2.297612
     0.386609     2.237155
     0.396275     2.177866
     0.405940     2.119914
     0.415605     2.063566
     0.425270     2.009439
     0.434935     1.960174
     0.444601     1.924987
     0.454266     1.901594
     0.463931     1.881595
     0.473596     1.862090
     0.483262     1.841563
     0.492927     1.818955
     0.502592     1.793519
     0.512257     1.764822
     0.521923     1.732789
     0.531588     1.697669
     0.541253     1.659942
     0.550918     1.620185
     0.560583     1.578956
     0.570249     1.536745
     0.579914     1.493951
     0.589579     1.450890
     0.599244     1.407812
     0.608910     1.364912
     0.618575     1.322350
     0.628240     1.280256
     0.637905     1.238738
     0.647571     1.197891
     0.657236     1.157797
     0.666901     1.118532
     0.676566     1.080162
     0.686231     1.042750
     0.695897     1.006356
     0.705562     0.971034
     0.715227     0.936838
     0.724892     0.903821
     0.734558     0.872034
     0.744223     0.841532
     0.753888     0.812374
     0.763553     0.784634
     0.773219     0.758419
     0.782884     0.733943
     0.792549     0.711856
     0.802214     0.694598
     0.811879     0.684264
     0.821545     0.677844
     0.831210     0.673724
     0.840875     0.671480
     0.850540     0.670939
     0.860206     0.671990
     0.869871     0.674526
     0.879536     0.678435
     0.889201     0.683580
     0.898867     0.689788
     0.908532     0.696826
     0.918197     0.704374
     0.927862     0.711971
     0.937527     0.718938
     0.947193     0.724281
     0.956858     0.726954
     0.966523     0.727331


    -0.837034     2.647064
    -0.828663     2.644756
    -0.820293     2.643291
    -0.811923     2.642711
    -0.803552     2.643029
    -0.795182     2.644253
    -0.786812     2.646383
    -0.778441     2.649409
    -0.770071     2.653318
    -0.761701     2.658087
    -0.753330     2.663690
    -0.744960     2.670096
    -0.736590     2.677271
    -0.728219     2.685178
    -0.719849     2.693779
    -0.711479     2.703036
    -0.703108     2.712909
    -0.694738     2.723360
    -0.686368     2.734350
    -0.677997     2.745841
    -0.669627     2.757797
    -0.661257     2.770180
    -0.652886     2.782954
    -0.644516     2.796084
    -0.636146     2.809533
    -0.627775     2.823266
    -0.619405     2.837244
    -0.611035     2.851433
    -0.602664     2.865793
    -0.594294     2.880286
    -0.585924     2.894872
    -0.577553     2.909512
    -0.569183     2.924162
    -0.560813     2.938781
    -0.552442     2.953323
    -0.544072     2.967745
    -0.535702     2.982001
    -0.527331     2.996048
    -0.518961     3.009841
    -0.510591     3.023340
    -0.502220     3.036507
    -0.493850     3.049310
    -0.485480     3.061723
    -0.477109     3.073729
    -0.468739     3.085319
    -0.460369     3.096498
    -0.451998     3.107276
    -0.443628     3.117679
    -0.435257     3.127740
    -0.426887     3.137501
    -0.418517     3.147010
    -0.410146     3.156320
    -0.401776     3.165486
    -0.393406     3.174563
    -0.385035     3.183030
    -0.376665     3.189703
    -0.368295     3.196450
    -0.359924     3.203321
    -0.351554     3.210343
    -0.343184     3.217540
    -0.334813     3.224930
    -0.326443     3.232532
    -0.318073     3.240362
    -0.309702     3.248434
    -0.301332     3.256767
    -0.292962     3.265384
    -0.284591     3.274315
    -0.276221     3.283604
    -0.267851     3.293322
    -0.259480     3.303575
    -0.251110     3.314542
    -0.242740     3.326524
    -0.234369     3.340054
    -0.225999     3.356090
    -0.217629     3.376333
    -0.209258     3.403347
    -0.200888     3.439462
    -0.192518     3.484444
    -0.184147     3.535539
    -0.175777     3.589832
    -0.167407     3.645319
    -0.159036     3.700744
    -0.150666     3.755264
    -0.142296     3.808236
    -0.133925     3.859100
    -0.125555     3.907304
    -0.117185     3.952251
    -0.108814     3.993253
    -0.100444     4.029527
    -0.092074     4.060320
    -0.083703     4.085245
    -0.075333     4.104636
    -0.066963     4.119452
    -0.058592     4.130789
    -0.050222     4.139533
    -0.041852     4.146313
    -0.033481     4.151557
    -0.025111     4.155509
    -0.016741     4.158296
    -0.008370     4.159984
     0.000000     4.160593
     0.009665     4.159811
     0.019330     4.157570
     0.028996     4.153796
     0.038661     4.148322
     0.048326     4.140858
     0.057991     4.130912
     0.067657     4.117663
     0.077322     4.099854
     0.086987     4.075943
     0.096652     4.044810
     0.106318     4.006474
     0.115983     3.961893
     0.125648     3.912268
     0.135313     3.858669
     0.144978     3.801990
     0.154644     3.743015
     0.164309     3.682499
     0.173974     3.621273
     0.183639     3.560392
     0.193305     3.501365
     0.202970     3.446327
     0.212635     3.397353
     0.222300     3.353945
     0.231966     3.312514
     0.241631     3.272067
     0.251296     3.234723
     0.260961     3.200565
     0.270626     3.167889
     0.280292     3.135108
     0.289957     3.101182
     0.299622     3.065484
     0.309287     3.027654
     0.318953     2.987522
     0.328618     2.945071
     0.338283     2.900398
     0.347948     2.853695
     0.357614     2.805210
     0.367279     2.755229
     0.376944     2.704051
     0.386609     2.651976
     0.396275     2.599296
     0.405940     2.546292
     0.415605     2.493239
     0.425270     2.440410
     0.434935     2.388081
     0.444601     2.336545
     0.454266     2.286121
     0.463931     2.237164
     0.473596     2.190073
     0.483262     2.145279
     0.492927     2.103207
     0.502592     2.064209
     0.512257     2.028454
     0.521923     1.995854
     0.531588     1.966054
     0.541253     1.938515
     0.550918     1.912637
     0.560583     1.887859
     0.570249     1.863712
     0.579914     1.839835
     0.589579     1.815960
     0.599244     1.791899
     0.608910     1.767525
     0.618575     1.742757
     0.628240     1.717547
     0.637905     1.691871
     0.647571     1.665723
     0.657236     1.639110
     0.666901     1.612048
     0.676566     1.584558
     0.686231     1.556666
     0.695897     1.528401
     0.705562     1.499794
     0.715227     1.470875
     0.724892     1.441677
     0.734558     1.412232
     0.744223     1.382573
     0.753888     1.352734
     0.763553     1.322748
     0.773219     1.292649
     0.782884     1.262472
     0.792549     1.232253
     0.802214     1.202028
     0.811879     1.171835
     0.821545     1.141716
     0.831210     1.111713
     0.840875     1.081873
     0.850540     1.052246
     0.860206     1.022890
     0.869871     0.993872
     0.879536     0.965274
     0.889201     0.937197
     0.898867     0.909781
     0.908532     0.883220
     0.918197     0.857815
     0.927862     0.834056
     0.937527     0.812799
     0.947193     0.795546
     0.956858     0.784505
     0.966523     0.781218


    -0.837034     2.647096
    -0.828663     2.650242
    -0.820293     2.654215
    -0.811923     2.658957
    -0.803552     2.664433
    -0.795182     2.670602
    -0.786812     2.677426
    -0.778441     2.684866
    -0.770071     2.692884
    -0.761701     2.701443
    -0.753330     2.710511
    -0.744960     2.720056
    -0.736590     2.730046
    -0.728219     2.740453
    -0.719849     2.751251
    -0.711479     2.762415
    -0.703108     2.773918
    -0.694738     2.785738
    -0.686368     2.797848
    -0.677997     2.810225
    -0.669627     2.822843
    -0.661257     2.835676
    -0.652886     2.848696
    -0.644516     2.861874
    -0.636146     2.875178
    -0.627775     2.888578
    -0.619405     2.902037
    -0.611035     2.915522
    -0.602664     2.928993
    -0.594294     2.942412
    -0.585924     2.955739
    -0.577553     2.968934
    -0.569183     2.981954
    -0.560813     2.994758
    -0.552442     3.007307
    -0.544072     3.019560
    -0.535702     3.031482
    -0.527331     3.043039
    -0.518961     3.054203
    -0.510591     3.064950
    -0.502220     3.075263
    -0.493850     3.085133
    -0.485480     3.094559
    -0.477109     3.103549
    -0.468739     3.112119
    -0.460369     3.120293
    -0.451998     3.128106
    -0.443628     3.135596
    -0.435257     3.142808
    -0.426887     3.149793
    -0.418517     3.156600
    -0.410146     3.163281
    -0.401776     3.169888
    -0.393406     3.176470
    -0.385035     3.183648
    -0.376665     3.192702
    -0.368295     3.201849
    -0.359924     3.211119
    -0.351554     3.220557
    -0.343184     3.230205
    -0.334813     3.240105
    -0.326443     3.250298
    -0.318073     3.260829
    -0.309702     3.271749
    -0.301332     3.283119
    -0.292962     3.295016
    -0.284591     3.307542
    -0.276221     3.320835
    -0.267851     3.335086
    -0.259480     3.350564
    -0.251110     3.367643
    -0.242740     3.386834
    -0.234369     3.408811
    -0.225999     3.434379
    -0.217629     3.464337
    -0.209258     3.499211
    -0.200888     3.538968
    -0.192518     3.582939
    -0.184147     3.630025
    -0.175777     3.679000
    -0.167407     3.728722
    -0.159036     3.778204
    -0.150666     3.826595
    -0.142296     3.873144
    -0.133925     3.917150
    -0.125555     3.957929
    -0.117185     3.994812
    -0.108814     4.027204
    -0.100444     4.054741
    -0.092074     4.077472
    -0.083703     4.095891
    -0.075333     4.110744
    -0.066963     4.122777
    -0.058592     4.132589
    -0.050222     4.140609
    -0.041852     4.147094
    -0.033481     4.152189
    -0.025111     4.156007
    -0.016741     4.158642
    -0.008370     4.160161
     0.000000     4.160613
     0.009665     4.159985
     0.019330     4.157954
     0.028996     4.154468
     0.038661     4.149446
     0.048326     4.142741
     0.057991     4.134103
     0.067657     4.123124
     0.077322     4.109176
     0.086987     4.091363
     0.096652     4.068624
     0.106318     4.040071
     0.115983     4.005424
     0.125648     3.965085
     0.135313     3.919837
     0.144978     3.870521
     0.154644     3.817906
     0.164309     3.762681
     0.173974     3.705494
     0.183639     3.647019
     0.193305     3.588067
     0.202970     3.529798
     0.212635     3.474162
     0.222300     3.424538
     0.231966     3.384927
     0.241631     3.355765
     0.251296     3.333589
     0.260961     3.315176
     0.270626     3.298635
     0.280292     3.282848
     0.289957     3.267012
     0.299622     3.250398
     0.309287     3.232212
     0.318953     3.211532
     0.328618     3.187364
     0.338283     3.158835
     0.347948     3.125505
     0.357614     3.087556
     0.367279     3.045694
     0.376944     3.000851
     0.386609     2.953939
     0.396275     2.905724
     0.405940     2.856814
     0.415605     2.807679
     0.425270     2.758681
     0.434935     2.710100
     0.444601     2.662152
     0.454266     2.615005
     0.463931     2.568786
     0.473596     2.523583
     0.483262     2.479454
     0.492927     2.436426
     0.502592     2.394497
     0.512257     2.353641
     0.521923     2.313811
     0.531588     2.274941
     0.541253     2.236952
     0.550918     2.199756
     0.560583     2.163261
     0.570249     2.127375
     0.579914     2.092010
     0.589579     2.057082
     0.599244     2.022518
     0.608910     1.988253
     0.618575     1.954230
     0.628240     1.920406
     0.637905     1.886742
     0.647571     1.853212
     0.657236     1.819795
     0.666901     1.786479
     0.676566     1.753255
     0.686231     1.720123
     0.695897     1.687083
     0.705562     1.654143
     0.715227     1.621311
     0.724892     1.588601
     0.734558     1.556026
     0.744223     1.523606
     0.753888     1.491360
     0.763553     1.459312
     0.773219     1.427488
     0.782884     1.395918
     0.792549     1.364635
     0.802214     1.333678
     0.811879     1.303090
     0.821545     1.272921
     0.831210     1.243227
     0.840875     1.214075
     0.850540     1.185542
     0.860206     1.157721
     0.869871     1.130722
     0.879536     1.104681
     0.889201     1.079765
     0.898867     1.056181
     0.908532     1.034197
     0.918197     1.014149
     0.927862     0.996469
     0.937527     0.981695
     0.947193     0.970459
     0.956858     0.963437
     0.966523     0.961215


    -0.837034     3.182105
    -0.828663     3.181257
    -0.820293     3.180825
    -0.811923     3.180809
    -0.803552     3.181204
    -0.795182     3.182004
    -0.786812     3.183204
    -0.778441     3.184795
    -0.770071     3.186768
    -0.761701     3.189113
    -0.753330     3.191818
    -0.744960     3.194872
    -0.736590     3.198260
    -0.728219     3.201969
    -0.719849     3.205983
    -0.711479     3.210289
    -0.703108     3.214870
    -0.694738     3.219712
    -0.686368     3.224800
    -0.677997     3.230120
    -0.669627     3.235658
    -0.661257     3.241402
    -0.652886     3.247342
    -0.644516     3.253467
    -0.636146     3.259770
    -0.627775     3.266245
    -0.619405     3.272888
    -0.611035     3.279697
    -0.602664     3.286673
    -0.594294     3.293819
    -0.585924     3.301141
    -0.577553     3.308649
    -0.569183     3.316356
    -0.560813     3.324278
    -0.552442     3.332438
    -0.544072     3.340861
    -0.535702     3.349576
    -0.527331     3.358617
    -0.518961     3.368024
    -0.510591     3.377838
    -0.502220     3.388101
    -0.493850     3.398858
    -0.485480     3.410151
    -0.477109     3.422020
    -0.468739     3.434499
    -0.460369     3.447614
    -0.451998     3.461383
    -0.443628     3.475814
    -0.435257     3.490905
    -0.426887     3.506643
    -0.418517     3.523005
    -0.410146     3.539958
    -0.401776     3.557461
    -0.393406     3.575469
    -0.385035     3.593925
    -0.376665     3.612773
    -0.368295     3.631948
    -0.359924     3.651387
    -0.351554     3.671022
    -0.343184     3.690785
    -0.334813     3.710609
    -0.326443     3.730428
    -0.318073     3.750178
    -0.309702     3.769802
    -0.301332     3.789245
    -0.292962     3.808461
    -0.284591     3.827410
    -0.276221     3.846058
    -0.267851     3.864381
    -0.259480     3.882360
    -0.251110     3.899986
    -0.242740     3.917252
    -0.234369     3.934157
    -0.225999     3.950706
    -0.217629     3.966905
    -0.209258     3.982765
    -0.200888     3.998301
    -0.192518     4.013530
    -0.184147     4.028477
    -0.175777     4.043177
    -0.167407     4.057676
    -0.159036     4.071995
    -0.150666     4.084244
    -0.142296     4.096370
    -0.133925     4.108545
    -0.125555     4.120929
    -0.117185     4.133776
    -0.108814     4.147466
    -0.100444     4.162515
    -0.092074     4.179445
    -0.083703     4.198456
    -0.075333     4.219065
    -0.066963     4.240206
    -0.058592     4.260711
    -0.050222     4.279661
    -0.041852     4.296449
    -0.033481     4.310709
    -0.025111     4.322236
    -0.016741     4.330920
    -0.008370     4.336715
     0.000000     4.339607
     0.009665     4.336038
     0.019330     4.328632
     0.028996     4.317415
     0.038661     4.302489
     0.048326     4.284091
     0.057991     4.262695
     0.067657     4.239152
     0.077322     4.214812
     0.086987     4.191378
     0.096652     4.170191
     0.106318     4.151507
     0.115983     4.134673
     0.125648     4.118798
     0.135313     4.103115
     0.144978     4.087054
     0.154644     4.070238
     0.164309     4.052420
     0.173974     4.033372
     0.183639     4.012805
     0.193305     3.990334
     0.202970     3.965470
     0.212635     3.937658
     0.222300     3.906386
     0.231966     3.871356
     0.241631     3.832660
     0.251296     3.790816
     0.260961     3.746633
     0.270626     3.701020
     0.280292     3.654849
     0.289957     3.608921
     0.299622     3.564009
     0.309287     3.520930
     0.318953     3.480618
     0.328618     3.444098
     0.338283     3.412308
     0.347948     3.385797
     0.357614     3.364528
     0.367279     3.347966
     0.376944     3.335357
     0.386609     3.325971
     0.396275     3.319214
     0.405940     3.314643
     0.415605     3.311943
     0.425270     3.310893
     0.434935     3.311341
     0.444601     3.313183
     0.454266     3.316345
     0.463931     3.320780
     0.473596     3.326453
     0.483262     3.333337
     0.492927     3.341410
     0.502592     3.350650
     0.512257     3.361030
     0.521923     3.372520
     0.531588     3.385080
     0.541253     3.398664
     0.550918     3.413222
     0.560583     3.428705
     0.570249     3.445074
     0.579914     3.462304
     0.589579     3.480388
     0.599244     3.499331
     0.608910     3.519139
     0.618575     3.539815
     0.628240     3.561355
     0.637905     3.583741
     0.647571     3.606950
     0.657236     3.630946
     0.666901     3.655690
     0.676566     3.681136
     0.686231     3.707234
     0.695897     3.733930
     0.705562     3.761166
     0.715227     3.788881
     0.724892     3.817008
     0.734558     3.845478
     0.744223     3.874213
     0.753888     3.903134
     0.763553     3.932149
     0.773219     3.961163
     0.782884     3.990068
     0.792549     4.018751
     0.802214     4.047084
     0.811879     4.074933
     0.821545     4.102151
     0.831210     4.128579
     0.840875     4.154051
     0.850540     4.178393
     0.860206     4.201424
     0.869871     4.222966
     0.879536     4.242841
     0.889201     4.260885
     0.898867     4.276951
     0.908532     4.290919
     0.918197     4.302703
     0.927862     4.312254
     0.937527     4.319567
     0.947193     4.324676
     0.956858     4.327651
     0.966523     4.328596


    -0.837034     3.182118
    -0.828663     3.183388
    -0.820293     3.185080
    -0.811923     3.187192
    -0.803552     3.189723
    -0.795182     3.192671
    -0.786812     3.196030
    -0.778441     3.199798
    -0.770071     3.203967
    -0.761701     3.208530
    -0.753330     3.213479
    -0.744960     3.218803
    -0.736590     3.224493
    -0.728219     3.230535
    -0.719849     3.236916
    -0.711479     3.243623
    -0.703108     3.250642
    -0.694738     3.257957
    -0.686368     3.265555
    -0.677997     3.273421
    -0.669627     3.281543
    -0.661257     3.289910
    -0.652886     3.298510
    -0.644516     3.307335
    -0.636146     3.316378
    -0.627775     3.325633
    -0.619405     3.335096
    -0.611035     3.344766
    -0.602664     3.354642
    -0.594294     3.364724
    -0.585924     3.375015
    -0.577553     3.385517
    -0.569183     3.396235
    -0.560813     3.407171
    -0.552442     3.418332
    -0.544072     3.429721
    -0.535702     3.441344
    -0.527331     3.453206
    -0.518961     3.465311
    -0.510591     3.477664
    -0.502220     3.490268
    -0.493850     3.503127
    -0.485480     3.516241
    -0.477109     3.529612
    -0.468739     3.543235
    -0.460369     3.557107
    -0.451998     3.571220
    -0.443628     3.585561
    -0.435257     3.600116
    -0.426887     3.614865
    -0.418517     3.629785
    -0.410146     3.644851
    -0.401776     3.660034
    -0.393406     3.675305
    -0.385035     3.690635
    -0.376665     3.705993
    -0.368295     3.721354
    -0.359924     3.736693
    -0.351554     3.751988
    -0.343184     3.767222
    -0.334813     3.782379
    -0.326443     3.797449
    -0.318073     3.812421
    -0.309702     3.827289
    -0.301332     3.842047
    -0.292962     3.856690
    -0.284591     3.871216
    -0.276221     3.885621
    -0.267851     3.899900
    -0.259480     3.914050
    -0.251110     3.928068
    -0.242740     3.941947
    -0.234369     3.955683
    -0.225999     3.969270
    -0.217629     3.982702
    -0.209258     3.995973
    -0.200888     4.009077
    -0.192518     4.022011
    -0.184147     4.034771
    -0.175777     4.047361
    -0.167407     4.059789
    -0.159036     4.072121
    -0.150666     4.086379
    -0.142296     4.100816
    -0.133925     4.115561
    -0.125555     4.130884
    -0.117185     4.147124
    -0.108814     4.164608
    -0.100444     4.183498
    -0.092074     4.203592
    -0.083703     4.224294
    -0.075333     4.244793
    -0.066963     4.264309
    -0.058592     4.282230
    -0.050222     4.298119
    -0.041852     4.311685
    -0.033481     4.322731
    -0.025111     4.331126
    -0.016741     4.336780
    -0.008370     4.339625
     0.000000     4.339618
     0.009665     4.339374
     0.019330     4.335366
     0.028996     4.327668
     0.038661     4.316395
     0.048326     4.301721
     0.057991     4.283927
     0.067657     4.263455
     0.077322     4.240993
     0.086987     4.217522
     0.096652     4.194242
     0.106318     4.172236
     0.115983     4.152056
     0.125648     4.133645
     0.135313     4.116646
     0.144978     4.100669
     0.154644     4.085356
     0.164309     4.070386
     0.173974     4.055498
     0.183639     4.040495
     0.193305     4.025217
     0.202970     4.009495
     0.212635     3.993107
     0.222300     3.975694
     0.231966     3.956640
     0.241631     3.934891
     0.251296     3.908889
     0.260961     3.877218
     0.270626     3.840007
     0.280292     3.799162
     0.289957     3.756982
     0.299622     3.715260
     0.309287     3.675216
     0.318953     3.637648
     0.328618     3.603029
     0.338283     3.571588
     0.347948     3.543361
     0.357614     3.518251
     0.367279     3.496082
     0.376944     3.476641
     0.386609     3.459711
     0.396275     3.445086
     0.405940     3.432587
     0.415605     3.422060
     0.425270     3.413381
     0.434935     3.406453
     0.444601     3.401203
     0.454266     3.397576
     0.463931     3.395536
     0.473596     3.395062
     0.483262     3.396143
     0.492927     3.398776
     0.502592     3.402968
     0.512257     3.408730
     0.521923     3.416077
     0.531588     3.425026
     0.541253     3.435597
     0.550918     3.447802
     0.560583     3.461645
     0.570249     3.477108
     0.579914     3.494151
     0.589579     3.512709
     0.599244     3.532694
     0.608910     3.554011
     0.618575     3.576562
     0.628240     3.600254
     0.637905     3.624999
     0.647571     3.650716
     0.657236     3.677329
     0.666901     3.704766
     0.676566     3.732957
     0.686231     3.761834
     0.695897     3.791329
     0.705562     3.821371
     0.715227     3.851889
     0.724892     3.882806
     0.734558     3.914044
     0.744223     3.945516
     0.753888     3.977132
     0.763553     4.008792
     0.773219     4.040392
     0.782884     4.071816
     0.792549     4.102939
     0.802214     4.133629
     0.811879     4.163739
     0.821545     4.193116
     0.831210     4.221593
     0.840875     4.248995
     0.850540     4.275137
     0.860206     4.299826
     0.869871     4.322866
     0.879536     4.344061
     0.889201     4.363225
     0.898867     4.380195
     0.908532     4.394839
     0.918197     4.407075
     0.927862     4.416876
     0.937527     4.424279
     0.947193     4.429372
     0.956858     4.432292
     0.966523     4.433199


    -0.837034     3.509118
    -0.828663     3.508582
    -0.820293     3.508640
    -0.811923     3.509305
    -0.803552     3.510575
    -0.795182     3.512448
    -0.786812     3.514920
    -0.778441     3.517990
    -0.770071     3.521654
    -0.761701     3.525906
    -0.753330     3.530741
    -0.744960     3.536153
    -0.736590     3.542131
    -0.728219     3.548665
    -0.719849     3.555739
    -0.711479     3.563337
    -0.703108     3.571435
    -0.694738     3.580006
    -0.686368     3.589013
    -0.677997     3.598416
    -0.669627     3.608161
    -0.661257     3.618186
    -0.652886     3.628415
    -0.644516     3.638760
    -0.636146     3.649117
    -0.627775     3.659370
    -0.619405     3.669388
    -0.611035     3.679032
    -0.602664     3.688157
    -0.594294     3.696627
    -0.585924     3.704323
    -0.577553     3.711162
    -0.569183     3.717105
    -0.560813     3.722170
    -0.552442     3.726435
    -0.544072     3.730029
    -0.535702     3.733123
    -0.527331     3.735914
    -0.518961     3.738607
    -0.510591     3.741406
    -0.502220     3.744500
    -0.493850     3.748060
    -0.485480     3.752233
    -0.477109     3.757143
    -0.468739     3.762891
    -0.460369     3.769556
    -0.451998     3.777198
    -0.443628     3.785859
    -0.435257     3.795568
    -0.426887     3.806340
    -0.418517     3.818183
    -0.410146     3.831094
    -0.401776     3.845066
    -0.393406     3.860084
    -0.385035     3.876133
    -0.376665     3.893189
    -0.368295     3.911226
    -0.359924     3.930216
    -0.351554     3.950126
    -0.343184     3.970921
    -0.334813     3.992563
    -0.326443     4.015014
    -0.318073     4.038232
    -0.309702     4.062168
    -0.301332     4.084934
    -0.292962     4.105720
    -0.284591     4.127389
    -0.276221     4.149966
    -0.267851     4.173454
    -0.259480     4.197849
    -0.251110     4.223150
    -0.242740     4.249353
    -0.234369     4.276457
    -0.225999     4.304466
    -0.217629     4.333388
    -0.209258     4.363238
    -0.200888     4.394040
    -0.192518     4.425825
    -0.184147     4.458633
    -0.175777     4.492508
    -0.167407     4.527498
    -0.159036     4.563649
    -0.150666     4.600999
    -0.142296     4.639567
    -0.133925     4.679348
    -0.125555     4.720295
    -0.117185     4.762313
    -0.108814     4.805248
    -0.100444     4.848873
    -0.092074     4.892830
    -0.083703     4.935315
    -0.075333     4.977152
    -0.066963     5.018744
    -0.058592     5.059521
    -0.050222     5.098713
    -0.041852     5.135339
    -0.033481     5.168194
    -0.025111     5.195885
    -0.016741     5.216957
    -0.008370     5.230127
     0.000000     5.234574
     0.009665     5.228657
     0.019330     5.211294
     0.028996     5.183896
     0.038661     5.148524
     0.048326     5.107300
     0.057991     5.062026
     0.067657     5.014004
     0.077322     4.963884
     0.086987     4.911571
     0.096652     4.857150
     0.106318     4.801276
     0.115983     4.744487
     0.125648     4.687142
     0.135313     4.629513
     0.144978     4.571836
     0.154644     4.514341
     0.164309     4.457278
     0.173974     4.400940
     0.183639     4.345679
     0.193305     4.291915
     0.202970     4.240120
     0.212635     4.190742
     0.222300     4.144061
     0.231966     4.100092
     0.241631     4.058882
     0.251296     4.021295
     0.260961     3.988920
     0.270626     3.962372
     0.280292     3.940601
     0.289957     3.922091
     0.299622     3.905736
     0.309287     3.890887
     0.318953     3.877198
     0.328618     3.864487
     0.338283     3.852670
     0.347948     3.841716
     0.357614     3.831627
     0.367279     3.822423
     0.376944     3.814137
     0.386609     3.806809
     0.396275     3.800482
     0.405940     3.795201
     0.415605     3.791008
     0.425270     3.787942
     0.434935     3.786039
     0.444601     3.785326
     0.454266     3.785828
     0.463931     3.787562
     0.473596     3.790538
     0.483262     3.794764
     0.492927     3.800242
     0.502592     3.806972
     0.512257     3.814950
     0.521923     3.824168
     0.531588     3.834614
     0.541253     3.846269
     0.550918     3.859109
     0.560583     3.873102
     0.570249     3.888210
     0.579914     3.904390
     0.589579     3.921591
     0.599244     3.939759
     0.608910     3.958833
     0.618575     3.978750
     0.628240     3.999442
     0.637905     4.020839
     0.647571     4.042867
     0.657236     4.065449
     0.666901     4.088507
     0.676566     4.111959
     0.686231     4.135724
     0.695897     4.159715
     0.705562     4.183845
     0.715227     4.208026
     0.724892     4.232165
     0.734558     4.256171
     0.744223     4.279947
     0.753888     4.303398
     0.763553     4.326426
     0.773219     4.348933
     0.782884     4.370822
     0.792549     4.391997
     0.802214     4.412366
     0.811879     4.431843
     0.821545     4.450353
     0.831210     4.467831
     0.840875     4.484230
     0.850540     4.499523
     0.860206     4.513702
     0.869871     4.526782
     0.879536     4.538793
     0.889201     4.549774
     0.898867     4.559762
     0.908532     4.568767
     0.918197     4.576763
     0.927862     4.583669
     0.937527     4.589350
     0.947193     4.593626
     0.956858     4.596295
     0.966523     4.597167


    -0.837034     3.509163
    -0.828663     3.510308
    -0.820293     3.512075
    -0.811923     3.514453
    -0.803552     3.517442
    -0.795182     3.521041
    -0.786812     3.525253
    -0.778441     3.530076
    -0.770071     3.535510
    -0.761701     3.541557
    -0.753330     3.548213
    -0.744960     3.555478
    -0.736590     3.563349
    -0.728219     3.571823
    -0.719849     3.580893
    -0.711479     3.590552
    -0.703108     3.600789
    -0.694738     3.611592
    -0.686368     3.622940
    -0.677997     3.634810
    -0.669627     3.647172
    -0.661257     3.659987
    -0.652886     3.673204
    -0.644516     3.686762
    -0.636146     3.700580
    -0.627775     3.714560
    -0.619405     3.728574
    -0.611035     3.742467
    -0.602664     3.756044
    -0.594294     3.769073
    -0.585924     3.781287
    -0.577553     3.792406
    -0.569183     3.802167
    -0.560813     3.810384
    -0.552442     3.816995
    -0.544072     3.822094
    -0.535702     3.825912
    -0.527331     3.828765
    -0.518961     3.830997
    -0.510591     3.832934
    -0.502220     3.834856
    -0.493850     3.836991
    -0.485480     3.839517
    -0.477109     3.842568
    -0.468739     3.846243
    -0.460369     3.850612
    -0.451998     3.855722
    -0.443628     3.861604
    -0.435257     3.868276
    -0.426887     3.875748
    -0.418517     3.884023
    -0.410146     3.893099
    -0.401776     3.902976
    -0.393406     3.913649
    -0.385035     3.925120
    -0.376665     3.937386
    -0.368295     3.950454
    -0.359924     3.964327
    -0.351554     3.979016
    -0.343184     3.994531
    -0.334813     4.010886
    -0.326443     4.028096
    -0.318073     4.046176
    -0.309702     4.065152
    -0.301332     4.086883
    -0.292962     4.112152
    -0.284591     4.138065
    -0.276221     4.164567
    -0.267851     4.191628
    -0.259480     4.219221
    -0.251110     4.247324
    -0.242740     4.275921
    -0.234369     4.305000
    -0.225999     4.334557
    -0.217629     4.364591
    -0.209258     4.395111
    -0.200888     4.426135
    -0.192518     4.457685
    -0.184147     4.489796
    -0.175777     4.522510
    -0.167407     4.555876
    -0.159036     4.589953
    -0.150666     4.624803
    -0.142296     4.660487
    -0.133925     4.697065
    -0.125555     4.734579
    -0.117185     4.773053
    -0.108814     4.812473
    -0.100444     4.852782
    -0.092074     4.893913
    -0.083703     4.937088
    -0.075333     4.980716
    -0.066963     5.023419
    -0.058592     5.064554
    -0.050222     5.103393
    -0.041852     5.139106
    -0.033481     5.170741
    -0.025111     5.197230
    -0.016741     5.217424
    -0.008370     5.230192
     0.000000     5.234605
     0.009665     5.228788
     0.019330     5.212058
     0.028996     5.185913
     0.038661     5.152059
     0.048326     5.112102
     0.057991     5.067435
     0.067657     5.019280
     0.077322     4.968882
     0.086987     4.917712
     0.096652     4.866647
     0.106318     4.815682
     0.115983     4.764703
     0.125648     4.713620
     0.135313     4.662347
     0.144978     4.610802
     0.154644     4.558930
     0.164309     4.506721
     0.173974     4.454225
     0.183639     4.401572
     0.193305     4.349000
     0.202970     4.296898
     0.212635     4.245881
     0.222300     4.196895
     0.231966     4.151261
     0.241631     4.110379
     0.251296     4.074971
     0.260961     4.044666
     0.270626     4.018487
     0.280292     3.995456
     0.289957     3.974817
     0.299622     3.956043
     0.309287     3.938776
     0.318953     3.922783
     0.328618     3.907913
     0.338283     3.894077
     0.347948     3.881227
     0.357614     3.869344
     0.367279     3.858435
     0.376944     3.848521
     0.386609     3.839635
     0.396275     3.831822
     0.405940     3.825130
     0.415605     3.819612
     0.425270     3.815324
     0.434935     3.812320
     0.444601     3.810655
     0.454266     3.810378
     0.463931     3.811531
     0.473596     3.814151
     0.483262     3.818264
     0.492927     3.823883
     0.502592     3.831009
     0.512257     3.839632
     0.521923     3.849731
     0.531588     3.861274
     0.541253     3.874223
     0.550918     3.888534
     0.560583     3.904157
     0.570249     3.921042
     0.579914     3.939132
     0.589579     3.958372
     0.599244     3.978702
     0.608910     4.000060
     0.618575     4.022383
     0.628240     4.045604
     0.637905     4.069656
     0.647571     4.094465
     0.657236     4.119959
     0.666901     4.146059
     0.676566     4.172684
     0.686231     4.199751
     0.695897     4.227172
     0.705562     4.254856
     0.715227     4.282710
     0.724892     4.310636
     0.734558     4.338534
     0.744223     4.366301
     0.753888     4.393831
     0.763553     4.421014
     0.773219     4.447735
     0.782884     4.473877
     0.792549     4.499316
     0.802214     4.523923
     0.811879     4.547561
     0.821545     4.570086
     0.831210     4.591349
     0.840875     4.611194
     0.850540     4.629468
     0.860206     4.646026
     0.869871     4.660741
     0.879536     4.673526
     0.889201     4.684344
     0.898867     4.693222
     0.908532     4.700257
     0.918197     4.705607
     0.927862     4.709481
     0.937527     4.712114
     0.947193     4.713745
     0.956858     4.714589
     0.966523     4.714812


    -0.837034     4.382764
    -0.828663     4.381662
    -0.820293     4.379229
    -0.811923     4.375489
    -0.803552     4.370463
    -0.795182     4.364182
    -0.786812     4.356684
    -0.778441     4.348012
    -0.770071     4.338219
    -0.761701     4.327367
    -0.753330     4.315524
    -0.744960     4.302765
    -0.736590     4.289175
    -0.728219     4.274845
    -0.719849     4.259874
    -0.711479     4.244366
    -0.703108     4.228434
    -0.694738     4.212197
    -0.686368     4.195777
    -0.677997     4.179304
    -0.669627     4.162914
    -0.661257     4.146749
    -0.652886     4.130959
    -0.644516     4.115703
    -0.636146     4.101153
    -0.627775     4.087495
    -0.619405     4.074937
    -0.611035     4.063711
    -0.602664     4.054082
    -0.594294     4.046344
    -0.585924     4.040823
    -0.577553     4.037850
    -0.569183     4.037733
    -0.560813     4.040697
    -0.552442     4.046838
    -0.544072     4.056091
    -0.535702     4.068246
    -0.527331     4.083003
    -0.518961     4.100028
    -0.510591     4.119002
    -0.502220     4.139642
    -0.493850     4.161715
    -0.485480     4.185030
    -0.477109     4.209435
    -0.468739     4.234811
    -0.460369     4.261062
    -0.451998     4.288110
    -0.443628     4.315894
    -0.435257     4.344361
    -0.426887     4.373468
    -0.418517     4.403179
    -0.410146     4.433460
    -0.401776     4.464284
    -0.393406     4.495623
    -0.385035     4.527453
    -0.376665     4.559752
    -0.368295     4.592498
    -0.359924     4.625668
    -0.351554     4.659243
    -0.343184     4.693201
    -0.334813     4.727522
    -0.326443     4.762187
    -0.318073     4.797174
    -0.309702     4.832464
    -0.301332     4.868038
    -0.292962     4.903874
    -0.284591     4.939954
    -0.276221     4.976258
    -0.267851     5.012766
    -0.259480     5.049460
    -0.251110     5.086320
    -0.242740     5.123326
    -0.234369     5.160458
    -0.225999     5.197698
    -0.217629     5.235025
    -0.209258     5.272418
    -0.200888     5.309856
    -0.192518     5.347318
    -0.184147     5.381694
    -0.175777     5.413299
    -0.167407     5.444051
    -0.159036     5.473826
    -0.150666     5.502492
    -0.142296     5.529905
    -0.133925     5.555917
    -0.125555     5.580374
    -0.117185     5.603124
    -0.108814     5.624021
    -0.100444     5.642938
    -0.092074     5.659779
    -0.083703     5.674497
    -0.075333     5.687119
    -0.066963     5.697779
    -0.058592     5.706754
    -0.050222     5.714511
    -0.041852     5.721750
    -0.033481     5.729432
    -0.025111     5.738757
    -0.016741     5.751041
    -0.008370     5.767481
     0.000000     5.788849
     0.009665     5.764631
     0.019330     5.746811
     0.028996     5.734013
     0.038661     5.724292
     0.048326     5.715745
     0.057991     5.706888
     0.067657     5.696767
     0.077322     5.684913
     0.086987     5.671229
     0.096652     5.655885
     0.106318     5.639211
     0.115983     5.621615
     0.125648     5.603525
     0.135313     5.585337
     0.144978     5.567390
     0.154644     5.549955
     0.164309     5.533230
     0.173974     5.517351
     0.183639     5.502396
     0.193305     5.488402
     0.202970     5.475370
     0.212635     5.463279
     0.222300     5.452089
     0.231966     5.441750
     0.241631     5.432204
     0.251296     5.423392
     0.260961     5.415249
     0.270626     5.407716
     0.280292     5.400731
     0.289957     5.394236
     0.299622     5.388173
     0.309287     5.382489
     0.318953     5.377131
     0.328618     5.372050
     0.338283     5.367198
     0.347948     5.362530
     0.357614     5.358003
     0.367279     5.353576
     0.376944     5.349211
     0.386609     5.344873
     0.396275     5.340528
     0.405940     5.336145
     0.415605     5.331696
     0.425270     5.327155
     0.434935     5.322500
     0.444601     5.317711
     0.454266     5.312770
     0.463931     5.307663
     0.473596     5.302376
     0.483262     5.296901
     0.492927     5.291228
     0.502592     5.285352
     0.512257     5.279269
     0.521923     5.272975
     0.531588     5.266468
     0.541253     5.259748
     0.550918     5.252817
     0.560583     5.245674
     0.570249     5.238324
     0.579914     5.230769
     0.589579     5.223015
     0.599244     5.215066
     0.608910     5.206931
     0.618575     5.198616
     0.628240     5.190132
     0.637905     5.181488
     0.647571     5.172696
     0.657236     5.163771
     0.666901     5.154726
     0.676566     5.145578
     0.686231     5.136347
     0.695897     5.127053
     0.705562     5.117720
     0.715227     5.108375
     0.724892     5.099047
     0.734558     5.089771
     0.744223     5.080586
     0.753888     5.071537
     0.763553     5.062674
     0.773219     5.054055
     0.782884     5.045748
     0.792549     5.037830
     0.802214     5.030389
     0.811879     5.023525
     0.821545     5.017352
     0.831210     5.011993
     0.840875     5.007582
     0.850540     5.004254
     0.860206     5.002138
     0.869871     5.001341
     0.879536     5.001930
     0.889201     5.003915
     0.898867     5.007229
     0.908532     5.011719
     0.918197     5.017146
     0.927862     5.023181
     0.937527     5.029397
     0.947193     5.035221
     0.956858     5.039787
     0.966523     5.041742


    -0.837034     4.382774
    -0.828663     4.382548
    -0.820293     4.381002
    -0.811923     4.378137
    -0.803552     4.373969
    -0.795182     4.368523
    -0.786812     4.361837
    -0.778441     4.353953
    -0.770071     4.344927
    -0.761701     4.334823
    -0.753330     4.323716
    -0.744960     4.311690
    -0.736590     4.298840
    -0.728219     4.285269
    -0.719849     4.271089
    -0.711479     4.256423
    -0.703108     4.241398
    -0.694738     4.226152
    -0.686368     4.210830
    -0.677997     4.195582
    -0.669627     4.180570
    -0.661257     4.165961
    -0.652886     4.151930
    -0.644516     4.138665
    -0.636146     4.126358
    -0.627775     4.115215
    -0.619405     4.105448
    -0.611035     4.097271
    -0.602664     4.090900
    -0.594294     4.086538
    -0.585924     4.084365
    -0.577553     4.084525
    -0.569183     4.087111
    -0.560813     4.092158
    -0.552442     4.099638
    -0.544072     4.109469
    -0.535702     4.121525
    -0.527331     4.135648
    -0.518961     4.151671
    -0.510591     4.169422
    -0.502220     4.188740
    -0.493850     4.209472
    -0.485480     4.231486
    -0.477109     4.254662
    -0.468739     4.278896
    -0.460369     4.304099
    -0.451998     4.330192
    -0.443628     4.357108
    -0.435257     4.384787
    -0.426887     4.413177
    -0.418517     4.442233
    -0.410146     4.471912
    -0.401776     4.502177
    -0.393406     4.532992
    -0.385035     4.564325
    -0.376665     4.596144
    -0.368295     4.628418
    -0.359924     4.661117
    -0.351554     4.694211
    -0.343184     4.727669
    -0.334813     4.761460
    -0.326443     4.795553
    -0.318073     4.829916
    -0.309702     4.864513
    -0.301332     4.899309
    -0.292962     4.934268
    -0.284591     4.969350
    -0.276221     5.004514
    -0.267851     5.039716
    -0.259480     5.074911
    -0.251110     5.110049
    -0.242740     5.145076
    -0.234369     5.179936
    -0.225999     5.214566
    -0.217629     5.248899
    -0.209258     5.282863
    -0.200888     5.316377
    -0.192518     5.349353
    -0.184147     5.384784
    -0.175777     5.422226
    -0.167407     5.459624
    -0.159036     5.496954
    -0.150666     5.534189
    -0.142296     5.571305
    -0.133925     5.608275
    -0.125555     5.645071
    -0.117185     5.681662
    -0.108814     5.718010
    -0.100444     5.754068
    -0.092074     5.789761
    -0.083703     5.824961
    -0.075333     5.859406
    -0.066963     5.892474
    -0.058592     5.922394
    -0.050222     5.943186
    -0.041852     5.940451
    -0.033481     5.913993
    -0.025111     5.879984
    -0.016741     5.846121
    -0.008370     5.815281
     0.000000     5.788874
     0.009665     5.819754
     0.019330     5.856305
     0.028996     5.896166
     0.038661     5.933822
     0.048326     5.951695
     0.057991     5.935135
     0.067657     5.904844
     0.077322     5.871910
     0.086987     5.839024
     0.096652     5.807032
     0.106318     5.776273
     0.115983     5.746895
     0.125648     5.718961
     0.135313     5.692489
     0.144978     5.667473
     0.154644     5.643898
     0.164309     5.621740
     0.173974     5.600968
     0.183639     5.581544
     0.193305     5.563421
     0.202970     5.546547
     0.212635     5.530859
     0.222300     5.516294
     0.231966     5.502783
     0.241631     5.490253
     0.251296     5.478632
     0.260961     5.467848
     0.270626     5.457830
     0.280292     5.448506
     0.289957     5.439809
     0.299622     5.431673
     0.309287     5.424033
     0.318953     5.416830
     0.328618     5.410003
     0.338283     5.403499
     0.347948     5.397263
     0.357614     5.391246
     0.367279     5.385402
     0.376944     5.379687
     0.386609     5.374061
     0.396275     5.368487
     0.405940     5.362933
     0.415605     5.357368
     0.425270     5.351766
     0.434935     5.346104
     0.444601     5.340361
     0.454266     5.334521
     0.463931     5.328569
     0.473596     5.322494
     0.483262     5.316289
     0.492927     5.309945
     0.502592     5.303460
     0.512257     5.296832
     0.521923     5.290060
     0.531588     5.283145
     0.541253     5.276092
     0.550918     5.268903
     0.560583     5.261586
     0.570249     5.254145
     0.579914     5.246589
     0.589579     5.238926
     0.599244     5.231164
     0.608910     5.223315
     0.618575     5.215390
     0.628240     5.207401
     0.637905     5.199363
     0.647571     5.191290
     0.657236     5.183202
     0.666901     5.175118
     0.676566     5.167059
     0.686231     5.159053
     0.695897     5.151125
     0.705562     5.143307
     0.715227     5.135633
     0.724892     5.128139
     0.734558     5.120867
     0.744223     5.113858
     0.753888     5.107159
     0.763553     5.100818
     0.773219     5.094886
     0.782884     5.089415
     0.792549     5.084454
     0.802214     5.080050
     0.811879     5.076248
     0.821545     5.073081
     0.831210     5.070570
     0.840875     5.068720
     0.850540     5.067516
     0.860206     5.066915
     0.869871     5.066846
     0.879536     5.067208
     0.889201     5.067867
     0.898867     5.068663
     0.908532     5.069412
     0.918197     5.069922
     0.927862     5.070009
     0.937527     5.069540
     0.947193     5.068505
     0.956858     5.067195
     0.966523     5.066418


    -0.837034     6.900248
    -0.828663     6.899223
    -0.820293     6.900450
    -0.811923     6.903916
    -0.803552     6.909595
    -0.795182     6.917454
    -0.786812     6.927446
    -0.778441     6.939515
    -0.770071     6.953592
    -0.761701     6.969596
    -0.753330     6.987435
    -0.744960     7.007003
    -0.736590     7.028185
    -0.728219     7.050853
    -0.719849     7.074867
    -0.711479     7.100077
    -0.703108     7.126323
    -0.694738     7.153438
    -0.686368     7.181244
    -0.677997     7.209556
    -0.669627     7.238183
    -0.661257     7.266928
    -0.652886     7.295593
    -0.644516     7.323973
    -0.636146     7.351867
    -0.627775     7.379074
    -0.619405     7.405400
    -0.611035     7.430661
    -0.602664     7.454684
    -0.594294     7.477317
    -0.585924     7.498424
    -0.577553     7.517896
    -0.569183     7.535648
    -0.560813     7.551623
    -0.552442     7.565785
    -0.544072     7.578123
    -0.535702     7.588646
    -0.527331     7.597377
    -0.518961     7.604353
    -0.510591     7.609616
    -0.502220     7.613217
    -0.493850     7.615207
    -0.485480     7.615639
    -0.477109     7.614564
    -0.468739     7.612032
    -0.460369     7.608091
    -0.451998     7.602787
    -0.443628     7.596164
    -0.435257     7.588262
    -0.426887     7.579122
    -0.418517     7.568780
    -0.410146     7.557273
    -0.401776     7.544637
    -0.393406     7.530905
    -0.385035     7.516110
    -0.376665     7.500287
    -0.368295     7.483468
    -0.359924     7.465684
    -0.351554     7.446970
    -0.343184     7.427356
    -0.334813     7.406877
    -0.326443     7.385566
    -0.318073     7.361656
    -0.309702     7.331393
    -0.301332     7.300234
    -0.292962     7.268192
    -0.284591     7.235278
    -0.276221     7.201502
    -0.267851     7.166873
    -0.259480     7.131401
    -0.251110     7.095096
    -0.242740     7.057969
    -0.234369     7.020030
    -0.225999     6.981290
    -0.217629     6.941761
    -0.209258     6.901455
    -0.200888     6.860387
    -0.192518     6.818570
    -0.184147     6.776021
    -0.175777     6.732760
    -0.167407     6.688807
    -0.159036     6.644187
    -0.150666     6.598930
    -0.142296     6.553073
    -0.133925     6.506659
    -0.125555     6.459745
    -0.117185     6.412404
    -0.108814     6.364732
    -0.100444     6.316858
    -0.092074     6.268967
    -0.083703     6.221334
    -0.075333     6.174412
    -0.066963     6.129072
    -0.058592     6.087405
    -0.050222     6.055802
    -0.041852     6.049177
    -0.033481     6.068362
    -0.025111     6.097950
    -0.016741     6.131101
    -0.008370     6.165803
     0.000000     6.201322
     0.009665     6.160406
     0.019330     6.120675
     0.028996     6.083390
     0.038661     6.052765
     0.048326     6.045176
     0.057991     6.074280
     0.067657     6.118589
     0.077322     6.166397
     0.086987     6.214533
     0.096652     6.261772
     0.106318     6.307482
     0.115983     6.351300
     0.125648     6.393021
     0.135313     6.432556
     0.144978     6.469898
     0.154644     6.505102
     0.164309     6.538268
     0.173974     6.569521
     0.183639     6.599006
     0.193305     6.626871
     0.202970     6.653263
     0.212635     6.678322
     0.222300     6.702179
     0.231966     6.724953
     0.241631     6.746752
     0.251296     6.767670
     0.260961     6.787790
     0.270626     6.807184
     0.280292     6.825912
     0.289957     6.844027
     0.299622     6.861572
     0.309287     6.878581
     0.318953     6.895084
     0.328618     6.911103
     0.338283     6.926653
     0.347948     6.941747
     0.357614     6.956392
     0.367279     6.970590
     0.376944     6.984341
     0.386609     6.997639
     0.396275     7.010477
     0.405940     7.022843
     0.415605     7.034724
     0.425270     7.046103
     0.434935     7.056958
     0.444601     7.067269
     0.454266     7.077009
     0.463931     7.086150
     0.473596     7.094661
     0.483262     7.102508
     0.492927     7.109653
     0.502592     7.116054
     0.512257     7.121661
     0.521923     7.126413
     0.531588     7.130226
     0.541253     7.132975
     0.550918     7.134450
     0.560583     7.134304
     0.570249     7.132061
     0.579914     7.127411
     0.589579     7.120493
     0.599244     7.111673
     0.608910     7.101239
     0.618575     7.089366
     0.628240     7.076154
     0.637905     7.061674
     0.647571     7.045978
     0.657236     7.029118
     0.666901     7.011143
     0.676566     6.992107
     0.686231     6.972068
     0.695897     6.951088
     0.705562     6.929236
     0.715227     6.906584
     0.724892     6.883209
     0.734558     6.859193
     0.744223     6.834623
     0.753888     6.809590
     0.763553     6.784188
     0.773219     6.758517
     0.782884     6.732683
     0.792549     6.706796
     0.802214     6.680969
     0.811879     6.655326
     0.821545     6.629994
     0.831210     6.605107
     0.840875     6.580810
     0.850540     6.557253
     0.860206     6.534594
     0.869871     6.513003
     0.879536     6.492654
     0.889201     6.473730
     0.898867     6.456418
     0.908532     6.440907
     0.918197     6.427385
     0.927862     6.416033
     0.937527     6.407018
     0.947193     6.400491
     0.956858     6.396571
     0.966523     6.395347


    -0.837034     6.900257
    -0.828663     6.903541
    -0.820293     6.909083
    -0.811923     6.916867
    -0.803552     6.926872
    -0.795182     6.939069
    -0.786812     6.953420
    -0.778441     6.969876
    -0.770071     6.988382
    -0.761701     7.008873
    -0.753330     7.031274
    -0.744960     7.055501
    -0.736590     7.081461
    -0.728219     7.109049
    -0.719849     7.138152
    -0.711479     7.168649
    -0.703108     7.200405
    -0.694738     7.233277
    -0.686368     7.267111
    -0.677997     7.301740
    -0.669627     7.336984
    -0.661257     7.372646
    -0.652886     7.408511
    -0.644516     7.444342
    -0.636146     7.479872
    -0.627775     7.514805
    -0.619405     7.548808
    -0.611035     7.581511
    -0.602664     7.612510
    -0.594294     7.641385
    -0.585924     7.667723
    -0.577553     7.691156
    -0.569183     7.711405
    -0.560813     7.728315
    -0.552442     7.741869
    -0.544072     7.752170
    -0.535702     7.759413
    -0.527331     7.763840
    -0.518961     7.765706
    -0.510591     7.765252
    -0.502220     7.762693
    -0.493850     7.758215
    -0.485480     7.751971
    -0.477109     7.744090
    -0.468739     7.734677
    -0.460369     7.723818
    -0.451998     7.711586
    -0.443628     7.698040
    -0.435257     7.683233
    -0.426887     7.667210
    -0.418517     7.650009
    -0.410146     7.631665
    -0.401776     7.612210
    -0.393406     7.591671
    -0.385035     7.570075
    -0.376665     7.547444
    -0.368295     7.523800
    -0.359924     7.499163
    -0.351554     7.473551
    -0.343184     7.446980
    -0.334813     7.419465
    -0.326443     7.391021
    -0.318073     7.363461
    -0.309702     7.340587
    -0.301332     7.316986
    -0.292962     7.292694
    -0.284591     7.267748
    -0.276221     7.242186
    -0.267851     7.216046
    -0.259480     7.189367
    -0.251110     7.162191
    -0.242740     7.134558
    -0.234369     7.106507
    -0.225999     7.078079
    -0.217629     7.049313
    -0.209258     7.020246
    -0.200888     6.990912
    -0.192518     6.961343
    -0.184147     6.931566
    -0.175777     6.901603
    -0.167407     6.871468
    -0.159036     6.841167
    -0.150666     6.810696
    -0.142296     6.780042
    -0.133925     6.749179
    -0.125555     6.718069
    -0.117185     6.686663
    -0.108814     6.654906
    -0.100444     6.622733
    -0.092074     6.590084
    -0.083703     6.556904
    -0.075333     6.523156
    -0.066963     6.488824
    -0.058592     6.453924
    -0.050222     6.418505
    -0.041852     6.382650
    -0.033481     6.346469
    -0.025111     6.310096
    -0.016741     6.273677
    -0.008370     6.237368
     0.000000     6.201352
     0.009665     6.242937
     0.019330     6.284889
     0.028996     6.326965
     0.038661     6.368960
     0.048326     6.410668
     0.057991     6.451875
     0.067657     6.492350
     0.077322     6.531860
     0.086987     6.570170
     0.096652     6.607061
     0.106318     6.642340
     0.115983     6.675851
     0.125648     6.707484
     0.135313     6.737181
     0.144978     6.764937
     0.154644     6.790795
     0.164309     6.814839
     0.173974     6.837183
     0.183639     6.857963
     0.193305     6.877322
     0.202970     6.895407
     0.212635     6.912357
     0.222300     6.928302
     0.231966     6.943361
     0.241631     6.957638
     0.251296     6.971223
     0.260961     6.984193
     0.270626     6.996614
     0.280292     7.008540
     0.289957     7.020013
     0.299622     7.031068
     0.309287     7.041732
     0.318953     7.052024
     0.328618     7.061956
     0.338283     7.071537
     0.347948     7.080767
     0.357614     7.089644
     0.367279     7.098161
     0.376944     7.106306
     0.386609     7.114065
     0.396275     7.121417
     0.405940     7.128340
     0.415605     7.134809
     0.425270     7.140792
     0.434935     7.146259
     0.444601     7.151173
     0.454266     7.155498
     0.463931     7.159194
     0.473596     7.162221
     0.483262     7.164538
     0.492927     7.166108
     0.502592     7.166893
     0.512257     7.166867
     0.521923     7.166013
     0.531588     7.164342
     0.541253     7.161910
     0.550918     7.158861
     0.560583     7.155488
     0.570249     7.152219
     0.579914     7.149328
     0.589579     7.146650
     0.599244     7.143810
     0.608910     7.140522
     0.618575     7.136633
     0.628240     7.132074
     0.637905     7.126828
     0.647571     7.120908
     0.657236     7.114348
     0.666901     7.107194
     0.676566     7.099505
     0.686231     7.091347
     0.695897     7.082795
     0.705562     7.073927
     0.715227     7.064829
     0.724892     7.055585
     0.734558     7.046286
     0.744223     7.037022
     0.753888     7.027884
     0.763553     7.018962
     0.773219     7.010347
     0.782884     7.002127
     0.792549     6.994387
     0.802214     6.987209
     0.811879     6.980670
     0.821545     6.974840
     0.831210     6.969781
     0.840875     6.965543
     0.850540     6.962165
     0.860206     6.959663
     0.869871     6.958033
     0.879536     6.957242
     0.889201     6.957219
     0.898867     6.957850
     0.908532     6.958969
     0.918197     6.960359
     0.927862     6.961763
     0.937527     6.962921
     0.947193     6.963647
     0.956858     6.963912
     0.966523     6.963907


    -0.837034     8.010721
    -0.828663     8.009240
    -0.820293     8.007938
    -0.811923     8.006853
    -0.803552     8.005978
    -0.795182     8.005307
    -0.786812     8.004834
    -0.778441     8.004555
    -0.770071     8.004463
    -0.761701     8.004556
    -0.753330     8.004831
    -0.744960     8.005288
    -0.736590     8.005929
    -0.728219     8.006758
    -0.719849     8.007783
    -0.711479     8.009018
    -0.703108     8.010479
    -0.694738     8.012192
    -0.686368     8.014187
    -0.677997     8.016508
    -0.669627     8.019207
    -0.661257     8.022355
    -0.652886     8.026038
    -0.644516     8.030368
    -0.636146     8.035485
    -0.627775     8.041559
    -0.619405     8.048801
    -0.611035     8.057456
    -0.602664     8.067806
    -0.594294     8.080149
    -0.585924     8.094775
    -0.577553     8.111929
    -0.569183     8.131763
    -0.560813     8.154304
    -0.552442     8.179437
    -0.544072     8.206918
    -0.535702     8.236407
    -0.527331     8.267507
    -0.518961     8.299799
    -0.510591     8.332862
    -0.502220     8.366287
    -0.493850     8.399677
    -0.485480     8.432645
    -0.477109     8.464803
    -0.468739     8.495756
    -0.460369     8.525097
    -0.451998     8.552392
    -0.443628     8.577188
    -0.435257     8.599016
    -0.426887     8.617412
    -0.418517     8.631957
    -0.410146     8.642334
    -0.401776     8.648379
    -0.393406     8.650108
    -0.385035     8.647708
    -0.376665     8.641487
    -0.368295     8.631800
    -0.359924     8.616689
    -0.351554     8.597635
    -0.343184     8.576707
    -0.334813     8.554020
    -0.326443     8.529665
    -0.318073     8.503720
    -0.309702     8.476252
    -0.301332     8.447323
    -0.292962     8.416992
    -0.284591     8.385315
    -0.276221     8.352351
    -0.267851     8.318160
    -0.259480     8.282803
    -0.251110     8.246345
    -0.242740     8.208857
    -0.234369     8.170412
    -0.225999     8.131091
    -0.217629     8.090981
    -0.209258     8.050176
    -0.200888     8.008784
    -0.192518     7.966919
    -0.184147     7.924713
    -0.175777     7.882315
    -0.167407     7.839892
    -0.159036     7.797634
    -0.150666     7.755759
    -0.142296     7.714512
    -0.133925     7.674167
    -0.125555     7.635029
    -0.117185     7.597431
    -0.108814     7.561727
    -0.100444     7.528286
    -0.092074     7.497480
    -0.083703     7.469667
    -0.075333     7.445178
    -0.066963     7.424296
    -0.058592     7.407241
    -0.050222     7.394154
    -0.041852     7.385091
    -0.033481     7.380021
    -0.025111     7.378828
    -0.016741     7.381320
    -0.008370     7.387245
     0.000000     7.396293
     0.009665     7.386153
     0.019330     7.380217
     0.028996     7.378904
     0.038661     7.382496
     0.048326     7.391121
     0.057991     7.404753
     0.067657     7.423233
     0.077322     7.446308
     0.086987     7.473681
     0.096652     7.505056
     0.106318     7.540167
     0.115983     7.578782
     0.125648     7.620692
     0.135313     7.665680
     0.144978     7.713501
     0.154644     7.763868
     0.164309     7.816442
     0.173974     7.870841
     0.183639     7.926647
     0.193305     7.983421
     0.202970     8.040710
     0.212635     8.098059
     0.222300     8.155016
     0.231966     8.211141
     0.241631     8.266004
     0.251296     8.319194
     0.260961     8.370312
     0.270626     8.418984
     0.280292     8.464857
     0.289957     8.507607
     0.299622     8.546952
     0.309287     8.582662
     0.318953     8.614569
     0.328618     8.642586
     0.338283     8.666702
     0.347948     8.686981
     0.357614     8.703541
     0.367279     8.716541
     0.376944     8.726158
     0.386609     8.732573
     0.396275     8.735962
     0.405940     8.736489
     0.415605     8.734308
     0.425270     8.729560
     0.434935     8.722372
     0.444601     8.712863
     0.454266     8.701139
     0.463931     8.687298
     0.473596     8.671431
     0.483262     8.653622
     0.492927     8.633946
     0.502592     8.612479
     0.512257     8.589290
     0.521923     8.564449
     0.531588     8.538026
     0.541253     8.510093
     0.550918     8.480725
     0.560583     8.450001
     0.570249     8.418003
     0.579914     8.384818
     0.589579     8.350536
     0.599244     8.315247
     0.608910     8.279045
     0.618575     8.242023
     0.628240     8.204273
     0.637905     8.165886
     0.647571     8.126951
     0.657236     8.087555
     0.666901     8.047783
     0.676566     8.007716
     0.686231     7.967436
     0.695897     7.927019
     0.705562     7.886542
     0.715227     7.846080
     0.724892     7.805706
     0.734558     7.765493
     0.744223     7.725512
     0.753888     7.685837
     0.763553     7.646538
     0.773219     7.607689
     0.782884     7.569365
     0.792549     7.531643
     0.802214     7.494604
     0.811879     7.458333
     0.821545     7.422924
     0.831210     7.388475
     0.840875     7.355097
     0.850540     7.322912
     0.860206     7.292058
     0.869871     7.262693
     0.879536     7.234997
     0.889201     7.209180
     0.898867     7.185486
     0.908532     7.164197
     0.918197     7.145632
     0.927862     7.130134
     0.937527     7.118025
     0.947193     7.109532
     0.956858     7.104697
     0.966523     7.103318


    -0.837034     8.010783
    -0.828663     8.012498
    -0.820293     8.014495
    -0.811923     8.016734
    -0.803552     8.019224
    -0.795182     8.021972
    -0.786812     8.024987
    -0.778441     8.028278
    -0.770071     8.031856
    -0.761701     8.035735
    -0.753330     8.039932
    -0.744960     8.044463
    -0.736590     8.049353
    -0.728219     8.054627
    -0.719849     8.060316
    -0.711479     8.066456
    -0.703108     8.073089
    -0.694738     8.080261
    -0.686368     8.088026
    -0.677997     8.096443
    -0.669627     8.105579
    -0.661257     8.115504
    -0.652886     8.126296
    -0.644516     8.138033
    -0.636146     8.150798
    -0.627775     8.164669
    -0.619405     8.179722
    -0.611035     8.196023
    -0.602664     8.213624
    -0.594294     8.232560
    -0.585924     8.252841
    -0.577553     8.274450
    -0.569183     8.297341
    -0.560813     8.321431
    -0.552442     8.346608
    -0.544072     8.372722
    -0.535702     8.399594
    -0.527331     8.427008
    -0.518961     8.454721
    -0.510591     8.482457
    -0.502220     8.509908
    -0.493850     8.536733
    -0.485480     8.562558
    -0.477109     8.586971
    -0.468739     8.609534
    -0.460369     8.629782
    -0.451998     8.647257
    -0.443628     8.661537
    -0.435257     8.672287
    -0.426887     8.679303
    -0.418517     8.682540
    -0.410146     8.682104
    -0.401776     8.678216
    -0.393406     8.671157
    -0.385035     8.661220
    -0.376665     8.648682
    -0.368295     8.633793
    -0.359924     8.619080
    -0.351554     8.603566
    -0.343184     8.585608
    -0.334813     8.565448
    -0.326443     8.543293
    -0.318073     8.519321
    -0.309702     8.493682
    -0.301332     8.466511
    -0.292962     8.437931
    -0.284591     8.408057
    -0.276221     8.376999
    -0.267851     8.344867
    -0.259480     8.311770
    -0.251110     8.277817
    -0.242740     8.243122
    -0.234369     8.207798
    -0.225999     8.171962
    -0.217629     8.135733
    -0.209258     8.099231
    -0.200888     8.062579
    -0.192518     8.025900
    -0.184147     7.989316
    -0.175777     7.952950
    -0.167407     7.916922
    -0.159036     7.881348
    -0.150666     7.846341
    -0.142296     7.812008
    -0.133925     7.778446
    -0.125555     7.745744
    -0.117185     7.713981
    -0.108814     7.683220
    -0.100444     7.653514
    -0.092074     7.624897
    -0.083703     7.597397
    -0.075333     7.571030
    -0.066963     7.545815
    -0.058592     7.521778
    -0.050222     7.498971
    -0.041852     7.477480
    -0.033481     7.457441
    -0.025111     7.439041
    -0.016741     7.422521
    -0.008370     7.408167
     0.000000     7.396307
     0.009665     7.410181
     0.019330     7.427314
     0.028996     7.447271
     0.038661     7.469777
     0.048326     7.494742
     0.057991     7.522271
     0.067657     7.552615
     0.077322     7.586094
     0.086987     7.623005
     0.096652     7.663547
     0.106318     7.707768
     0.115983     7.755550
     0.125648     7.806627
     0.135313     7.860607
     0.144978     7.917013
     0.154644     7.975305
     0.164309     8.034905
     0.173974     8.095205
     0.183639     8.155578
     0.193305     8.215373
     0.202970     8.273934
     0.212635     8.330621
     0.222300     8.384861
     0.231966     8.436210
     0.241631     8.484409
     0.251296     8.529396
     0.260961     8.571261
     0.270626     8.610179
     0.280292     8.646346
     0.289957     8.679939
     0.299622     8.711099
     0.309287     8.739915
     0.318953     8.766419
     0.328618     8.790583
     0.338283     8.812319
     0.347948     8.831492
     0.357614     8.847940
     0.367279     8.861499
     0.376944     8.872025
     0.386609     8.879418
     0.396275     8.883634
     0.405940     8.884690
     0.415605     8.882662
     0.425270     8.877678
     0.434935     8.869899
     0.444601     8.859509
     0.454266     8.846697
     0.463931     8.831654
     0.473596     8.814561
     0.483262     8.795588
     0.492927     8.774898
     0.502592     8.752641
     0.512257     8.728958
     0.521923     8.703982
     0.531588     8.677841
     0.541253     8.650657
     0.550918     8.622549
     0.560583     8.593633
     0.570249     8.564025
     0.579914     8.533837
     0.589579     8.503182
     0.599244     8.472172
     0.608910     8.440915
     0.618575     8.409519
     0.628240     8.378089
     0.637905     8.346723
     0.647571     8.315520
     0.657236     8.284571
     0.666901     8.253962
     0.676566     8.223777
     0.686231     8.194090
     0.695897     8.164975
     0.705562     8.136497
     0.715227     8.108719
     0.724892     8.081697
     0.734558     8.055488
     0.744223     8.030142
     0.753888     8.005707
     0.763553     7.982232
     0.773219     7.959761
     0.782884     7.938339
     0.792549     7.918012
     0.802214     7.898824
     0.811879     7.880819
     0.821545     7.864040
     0.831210     7.848531
     0.840875     7.834332
     0.850540     7.821480
     0.860206     7.810005
     0.869871     7.799928
     0.879536     7.791258
     0.889201     7.783987
     0.898867     7.778085
     0.908532     7.773496
     0.918197     7.770129
     0.927862     7.767861
     0.937527     7.766530
     0.947193     7.765937
     0.956858     7.765857
     0.966523     7.766052


    -0.837034     9.080807
    -0.828663     9.080489
    -0.820293     9.079997
    -0.811923     9.079345
    -0.803552     9.078539
    -0.795182     9.077582
    -0.786812     9.076483
    -0.778441     9.075248
    -0.770071     9.073886
    -0.761701     9.072405
    -0.753330     9.070814
    -0.744960     9.069120
    -0.736590     9.067334
    -0.728219     9.065461
    -0.719849     9.063510
    -0.711479     9.061486
    -0.703108     9.059394
    -0.694738     9.057240
    -0.686368     9.055025
    -0.677997     9.052752
    -0.669627     9.050420
    -0.661257     9.048031
    -0.652886     9.045581
    -0.644516     9.043068
    -0.636146     9.040488
    -0.627775     9.037835
    -0.619405     9.035105
    -0.611035     9.032290
    -0.602664     9.029383
    -0.594294     9.026376
    -0.585924     9.023261
    -0.577553     9.020030
    -0.569183     9.016673
    -0.560813     9.013183
    -0.552442     9.009551
    -0.544072     9.005770
    -0.535702     9.001835
    -0.527331     8.997742
    -0.518961     8.993494
    -0.510591     8.989097
    -0.502220     8.984569
    -0.493850     8.979936
    -0.485480     8.975244
    -0.477109     8.970556
    -0.468739     8.965959
    -0.460369     8.961569
    -0.451998     8.957533
    -0.443628     8.954031
    -0.435257     8.951265
    -0.426887     8.949440
    -0.418517     8.948725
    -0.410146     8.949197
    -0.401776     8.950794
    -0.393406     8.953283
    -0.385035     8.956280
    -0.376665     8.959294
    -0.368295     8.961800
    -0.359924     8.963290
    -0.351554     8.963311
    -0.343184     8.961479
    -0.334813     8.957485
    -0.326443     8.951087
    -0.318073     8.942106
    -0.309702     8.930418
    -0.301332     8.915946
    -0.292962     8.898656
    -0.284591     8.878550
    -0.276221     8.855648
    -0.267851     8.827216
    -0.259480     8.793714
    -0.251110     8.757874
    -0.242740     8.719902
    -0.234369     8.680009
    -0.225999     8.638421
    -0.217629     8.595377
    -0.209258     8.551129
    -0.200888     8.505936
    -0.192518     8.460063
    -0.184147     8.413778
    -0.175777     8.367350
    -0.167407     8.321043
    -0.159036     8.275120
    -0.150666     8.229831
    -0.142296     8.185421
    -0.133925     8.142118
    -0.125555     8.100144
    -0.117185     8.059702
    -0.108814     8.020987
    -0.100444     7.984179
    -0.092074     7.949452
    -0.083703     7.916966
    -0.075333     7.886880
    -0.066963     7.859345
    -0.058592     7.834508
    -0.050222     7.812518
    -0.041852     7.793519
    -0.033481     7.777658
    -0.025111     7.765076
    -0.016741     7.755916
    -0.008370     7.750335
     0.000000     7.748487
     0.009665     7.750993
     0.019330     7.758314
     0.028996     7.770022
     0.038661     7.785844
     0.048326     7.805485
     0.057991     7.828663
     0.067657     7.855109
     0.077322     7.884560
     0.086987     7.916756
     0.096652     7.951441
     0.106318     7.988357
     0.115983     8.027250
     0.125648     8.067866
     0.135313     8.109963
     0.144978     8.153309
     0.154644     8.197690
     0.164309     8.242917
     0.173974     8.288834
     0.183639     8.335319
     0.193305     8.382295
     0.202970     8.429715
     0.212635     8.477536
     0.222300     8.525671
     0.231966     8.573911
     0.241631     8.621860
     0.251296     8.668899
     0.260961     8.714220
     0.270626     8.756897
     0.280292     8.796051
     0.289957     8.831061
     0.299622     8.861738
     0.309287     8.888263
     0.318953     8.910986
     0.328618     8.930264
     0.338283     8.946395
     0.347948     8.959623
     0.357614     8.970152
     0.367279     8.978154
     0.376944     8.983778
     0.386609     8.987149
     0.396275     8.988371
     0.405940     8.987519
     0.415605     8.984649
     0.425270     8.979802
     0.434935     8.973017
     0.444601     8.964339
     0.454266     8.953831
     0.463931     8.941578
     0.473596     8.927687
     0.483262     8.912286
     0.492927     8.895522
     0.502592     8.877555
     0.512257     8.858552
     0.521923     8.838684
     0.531588     8.818120
     0.541253     8.797023
     0.550918     8.775545
     0.560583     8.753824
     0.570249     8.731984
     0.579914     8.710132
     0.589579     8.688361
     0.599244     8.666745
     0.608910     8.645347
     0.618575     8.624213
     0.628240     8.603378
     0.637905     8.582867
     0.647571     8.562694
     0.657236     8.542864
     0.666901     8.523376
     0.676566     8.504220
     0.686231     8.485385
     0.695897     8.466852
     0.705562     8.448603
     0.715227     8.430615
     0.724892     8.412867
     0.734558     8.395340
     0.744223     8.378015
     0.753888     8.360877
     0.763553     8.343917
     0.773219     8.327131
     0.782884     8.310519
     0.792549     8.294091
     0.802214     8.277861
     0.811879     8.261852
     0.821545     8.246094
     0.831210     8.230621
     0.840875     8.215475
     0.850540     8.200703
     0.860206     8.186354
     0.869871     8.172482
     0.879536     8.159147
     0.889201     8.146416
     0.898867     8.134380
     0.908532     8.123163
     0.918197     8.112937
     0.927862     8.103928
     0.937527     8.096404
     0.947193     8.090656
     0.956858     8.086976
     0.966523     8.085630


    -0.837034     9.080822
    -0.828663     9.080975
    -0.820293     9.080973
    -0.811923     9.080805
    -0.803552     9.080474
    -0.795182     9.079982
    -0.786812     9.079334
    -0.778441     9.078536
    -0.770071     9.077593
    -0.761701     9.076513
    -0.753330     9.075303
    -0.744960     9.073970
    -0.736590     9.072521
    -0.728219     9.070964
    -0.719849     9.069305
    -0.711479     9.067550
    -0.703108     9.065703
    -0.694738     9.063768
    -0.686368     9.061747
    -0.677997     9.059641
    -0.669627     9.057450
    -0.661257     9.055174
    -0.652886     9.052808
    -0.644516     9.050350
    -0.636146     9.047795
    -0.627775     9.045137
    -0.619405     9.042372
    -0.611035     9.039494
    -0.602664     9.036497
    -0.594294     9.033378
    -0.585924     9.030132
    -0.577553     9.026757
    -0.569183     9.023256
    -0.560813     9.019632
    -0.552442     9.015893
    -0.544072     9.012055
    -0.535702     9.008138
    -0.527331     9.004174
    -0.518961     9.000205
    -0.510591     8.996288
    -0.502220     8.992497
    -0.493850     8.988927
    -0.485480     8.985698
    -0.477109     8.982957
    -0.468739     8.980878
    -0.460369     8.979655
    -0.451998     8.979476
    -0.443628     8.980494
    -0.435257     8.982779
    -0.426887     8.986272
    -0.418517     8.990764
    -0.410146     8.995902
    -0.401776     9.001232
    -0.393406     9.006253
    -0.385035     9.010466
    -0.376665     9.013408
    -0.368295     9.014676
    -0.359924     9.013925
    -0.351554     9.010873
    -0.343184     9.005297
    -0.334813     8.997024
    -0.326443     8.985930
    -0.318073     8.971936
    -0.309702     8.955001
    -0.301332     8.935122
    -0.292962     8.912331
    -0.284591     8.886694
    -0.276221     8.858320
    -0.267851     8.830133
    -0.259480     8.801912
    -0.251110     8.771213
    -0.242740     8.738162
    -0.234369     8.702915
    -0.225999     8.665647
    -0.217629     8.626546
    -0.209258     8.585812
    -0.200888     8.543657
    -0.192518     8.500299
    -0.184147     8.455963
    -0.175777     8.410880
    -0.167407     8.365285
    -0.159036     8.319420
    -0.150666     8.273526
    -0.142296     8.227855
    -0.133925     8.182659
    -0.125555     8.138201
    -0.117185     8.094748
    -0.108814     8.052578
    -0.100444     8.011981
    -0.092074     7.973253
    -0.083703     7.936700
    -0.075333     7.902632
    -0.066963     7.871356
    -0.058592     7.843165
    -0.050222     7.818327
    -0.041852     7.797069
    -0.033481     7.779567
    -0.025111     7.765940
    -0.016741     7.756245
    -0.008370     7.750460
     0.000000     7.748512
     0.009665     7.751050
     0.019330     7.758819
     0.028996     7.772098
     0.038661     7.790874
     0.048326     7.815004
     0.057991     7.844172
     0.067657     7.877917
     0.077322     7.915687
     0.086987     7.956890
     0.096652     8.000934
     0.106318     8.047259
     0.115983     8.095346
     0.125648     8.144724
     0.135313     8.194968
     0.144978     8.245690
     0.154644     8.296543
     0.164309     8.347210
     0.173974     8.397404
     0.183639     8.446865
     0.193305     8.495363
     0.202970     8.542697
     0.212635     8.588697
     0.222300     8.633237
     0.231966     8.676241
     0.241631     8.717702
     0.251296     8.757701
     0.260961     8.796431
     0.270626     8.834181
     0.280292     8.871243
     0.289957     8.907728
     0.299622     8.943411
     0.309287     8.977782
     0.318953     9.010254
     0.328618     9.040306
     0.338283     9.067547
     0.347948     9.091701
     0.357614     9.112587
     0.367279     9.130102
     0.376944     9.144198
     0.386609     9.154875
     0.396275     9.162174
     0.405940     9.166167
     0.415605     9.166952
     0.425270     9.164654
     0.434935     9.159415
     0.444601     9.151397
     0.454266     9.140773
     0.463931     9.127732
     0.473596     9.112467
     0.483262     9.095182
     0.492927     9.076082
     0.502592     9.055376
     0.512257     9.033273
     0.521923     9.009976
     0.531588     8.985687
     0.541253     8.960598
     0.550918     8.934892
     0.560583     8.908742
     0.570249     8.882307
     0.579914     8.855730
     0.589579     8.829141
     0.599244     8.802649
     0.608910     8.776351
     0.618575     8.750323
     0.628240     8.724627
     0.637905     8.699307
     0.647571     8.674396
     0.657236     8.649909
     0.666901     8.625855
     0.676566     8.602229
     0.686231     8.579020
     0.695897     8.556211
     0.705562     8.533780
     0.715227     8.511704
     0.724892     8.489957
     0.734558     8.468515
     0.744223     8.447358
     0.753888     8.426467
     0.763553     8.405829
     0.773219     8.385438
     0.782884     8.365293
     0.792549     8.345403
     0.802214     8.325786
     0.811879     8.306469
     0.821545     8.287490
     0.831210     8.268903
     0.840875     8.250770
     0.850540     8.233175
     0.860206     8.216214
     0.869871     8.200007
     0.879536     8.184689
     0.889201     8.170413
     0.898867     8.157339
     0.908532     8.145620
     0.918197     8.135394
     0.927862     8.126777
     0.937527     8.119869
     0.947193     8.114772
     0.956858     8.111595
     0.966523     8.110463


